Ha_Ji_Mi_O_Na_Mei_Lu_Duo
1
1
31
3 3 1 3 0 0 0 0 
0 3 3 3 0 0 3 0 
0 2 3 3 0 0 0 0 
0 3 1 3 0 2 0 3 
3 3 3 3 3 0 0 0 
2 3 3 3 3 3 3 0 
0 3 3 3 0 0 3 3 
0 3 1 3 3 0 2 1 
3 2
0 2
7 2
7 7
5 0
2 1
3 5
7 6
16
0 5 5 5 4 4
5 5 5 3 6 2
5 3 6 3 2 3
2 7 3 6 1 6
3 6 3 2 4 1
3 2 7 6 5 6
7 6 7 7 7 4
2 0 1 0 4 0
6 3 6 4 3 7
6 4 7 3 6 3
7 3 7 1 7 3
1 0 1 1 0 0
1 1 2 2 5 2
2 2 4 2 2 2
7 1 7 2 7 1
4 2 3 2 4 2

15
7 2 2 2 3 1
7 5 2 5 0 3
5 7 5 5 5 3
2 2 1 2 1 3
1 2 1 1 3 3
5 5 6 5 5 4
6 5 6 6 6 7
5 0 6 1 4 3
2 5 3 5 5 5
1 1 2 1 1 2
6 6 7 6 6 6
6 1 6 0 6 1
2 1 1 1 0 1
1 1 2 1 1 1
6 0 5 0 5 1

